****************************************************************																																
*   This file was generated by Direct Download Enterprise.     *																																
*   Please do not change it manually.                          *																																
****************************************************************																																
%_DYNPRO																																
SAPMZSSMM02																																
0400																																
750																																
                40																																
%_HEADER																																
SAPMZSSMM02                             0400 0400     39173192 37  0  0 41185  0G E                              20251017004038																																
%_DESCRIPTION																																
                40																																
%_FIELDS																																
		CHAR	 56	00	00	00	30	00	  1	  2		  0	  0	  0		 28	R				  0	  0	101									
		CHAR	116	00	00	00	30	00	  1	 58		  0	  0	  0		 28	R				  0	  0	102									
CON_TREE			 54	00	30	00	30	00	  2	  3		  0	  0	  0		 26	U				 13	 27	103									
CON_TDATA			114	00	30	00	30	00	  2	 59		  0	  0	  0		 26	U				 26	 57	104									
T_TOP		CHAR	173	00	00	00	30	00	 29	  2		  0	  0	  0		 11	R				  0	  0	105							납기지연율 BEST 3		
b1	0	CHAR	 10	00	00	00	30	00	 30	  4		  0	  0	  0		  8					  0	  0								@89@ BEST1		
B33	0	CHAR	 10	00	00	00	30	00	 30	 78		  0	  0	  0		  8					  0	  0								@89@ BEST3		
V1	0	CHAR	 11	00	00	00	30	00	 31	  4		  0	  0	  0		  0					  0	  0								밴더코드	                                                                                                                                                                                                                                                        X	
GV_TOP1_VENID	C	CHAR	  7	80	00	80	30	00	 31	 16		  0	  0	  0		  0					  0	  0								_______		
GV_TOP1_VNAME	C	CHAR	 40	80	00	80	31	00	 31	 24		  0	  0	  0		  0					  0	  0								________________________________________		
V9	0	CHAR	 11	00	00	00	30	00	 31	 78		  0	  0	  0		  0					  0	  0								밴더코드	                                                                                                                                                                                                                                                        X	
GV_TOP3_VENID	C	CHAR	  8	80	00	80	30	00	 31	 90		  0	  0	  0		  0					  0	  0								________		
GV_TOP3_VNAME	C	CHAR	 40	80	00	80	31	00	 31	 99		  0	  0	  0		  0					  0	  0								________________________________________		
V2	0	CHAR	 11	00	00	00	30	00	 32	  4		  0	  0	  0		  0					  0	  0								지연율	                                                                                                                                                                                                                                                        X	
GV_TOP1_RATE	P	DEC	 17	80	00	80	30	00	 32	 16		  0	  0	  0		  0					  0	  0								_________________		
V10	0	CHAR	 11	00	00	00	30	00	 32	 78		  0	  0	  0		  0					  0	  0								지연율	                                                                                                                                                                                                                                                        X	
GV_TOP3_RATE	P	DEC	 17	80	00	80	30	00	 32	 90		  0	  0	  0		  0					  0	  0								_________________		
V3	0	CHAR	 11	00	00	00	30	00	 33	  4		  0	  0	  0		  0					  0	  0								평균지연일	                                                                                                                                                                                                                                                        X	
GV_TOP1_DAYS	P	DEC	 17	80	00	80	30	00	 33	 16		  0	  0	  0		  0					  0	  0								_________________		
V11	0	CHAR	 11	00	00	00	30	00	 33	 78		  0	  0	  0		  0					  0	  0								평균지연일		
GV_TOP3_DAYS	P	DEC	 17	80	00	80	30	00	 33	 90		  0	  0	  0		  0					  0	  0								_________________		
B22	0	CHAR	 10	00	00	00	30	00	 34	  4		  0	  0	  0		  8					  0	  0								@89@ BEST2		
B5	0	CHAR	 11	00	00	00	30	00	 35	  4		  0	  0	  0		  0					  0	  0								밴더코드	                                                                                                                                                                                                                                                        X	
GV_TOP2_VENID	C	CHAR	  8	80	00	80	30	00	 35	 16		  0	  0	  0		  0					  0	  0								________		
GV_TOP2_VNAME	C	CHAR	 40	80	00	80	31	00	 35	 25		  0	  0	  0		  0					  0	  0								________________________________________		
B6	0	CHAR	 11	00	00	00	30	00	 36	  4		  0	  0	  0		  0					  0	  0								지연율	                                                                                                                                                                                                                                                        X	
GV_TOP2_RATE	P	DEC	 17	80	00	80	30	00	 36	 16		  0	  0	  0		  0					  0	  0								_________________		
V8	0	CHAR	 11	00	00	00	30	00	 37	  4		  0	  0	  0		  0					  0	  0								평균지연일		
GV_TOP2_DAYS	P	DEC	 17	80	00	80	30	00	 37	 16		  0	  0	  0		  0					  0	  0								_________________		
OK_CODE		CHAR	 20	80	10	00	00	00	255	  1	O	  0	  0	  0		  0					  0	  0								____________________		
%_FLOWLOGIC																																
PROCESS BEFORE OUTPUT.																																
  MODULE status_0400.																																
    MODULE set_tree_obj_0400.																																
    MODULE set_alv_0400.																																
																																
*																																
PROCESS AFTER INPUT.																																
  MODULE exit_0400 AT EXIT-COMMAND.																																
  MODULE user_command_0400.																																
