****************************************************************																																
*   This file was generated by Direct Download Enterprise.     *																																
*   Please do not change it manually.                          *																																
****************************************************************																																
%_DYNPRO																																
ZRBSSFI03																																
0100																																
750																																
                40																																
%_HEADER																																
ZRBSSFI03                               0100 0100     26 61192 37  0  0 27120  0G E                              20251018172849																																
%_DESCRIPTION																																
                40																																
%_FIELDS																																
		CHAR	 61	00	00	00	30	00	  1	  2		  0	  0	  0		 14	R				  0	  0	105									
TEXT1	0	CHAR	 33	00	00	00	30	00	  2	 29		  0	  0	  0		  0					  0	  0								재 무 상 태 표		
T1T1	0	CHAR	 10	00	00	00	30	00	  3	 52		  0	  0	  0		  0					  0	  0								(단위: 원)		
		CHAR	 29	00	00	00	30	00	  4	  3		  0	  0	  0		  9	R				  0	  0	106									
		CHAR	 29	00	00	00	30	00	  4	 33		  0	  0	  0		  4	R				  0	  0	107									
TEXT3	0	CHAR	 14	00	00	00	30	00	  5	 15		  0	  0	  0		  0					  0	  0								자산		
TE132	0	CHAR	 14	00	00	00	30	00	  5	 46		  0	  0	  0		  0					  0	  0								부채		
T4235453	0	CHAR	 11	00	00	00	30	00	  6	 34		  0	  0	  0		  0					  0	  0								외상매입금		
GV_FIELD4	I	INT4	 13	80	20	80	30	00	  6	 47		  0	  0	  0		  0					  0	  0								_____________		
T99	0	CHAR	 11	00	00	00	30	00	  7	  4		  0	  0	  0		  0					  0	  0								현       금	                                                                                                                                                                                                                                                        X	
GV_FIELD1	I	INT4	 13	80	20	80	30	00	  7	 17		  0	  0	  0		  0					  0	  0								_____________		
T49	0	CHAR	 11	00	00	00	30	00	  8	  4		  0	  0	  0		  0					  0	  0								은       행	                                                                                                                                                                                                                                                        X	
GV_FIELD2	I	INT4	 13	80	20	80	30	00	  8	 17		  0	  0	  0		  0					  0	  0								_____________		
DSFS	0	CHAR	 11	00	00	00	30	00	  8	 34		  0	  0	  0		  0					  0	  0								부 채 총 계		
GV_SUM2	I	INT4	 13	80	20	80	30	00	  8	 47		  0	  0	  0		  0					  0	  0								_____________		
T454	0	CHAR	 10	00	00	00	30	00	  9	  4		  0	  0	  0		  0					  0	  0								외상매출금	                                                                                                                                                                                                                                                        X	
GV_FIELD3	I	INT4	 13	80	20	80	30	00	  9	 17		  0	  0	  0		  0					  0	  0								_____________		
		CHAR	 29	00	00	00	30	00	  9	 33		  0	  0	  0		  4	R				  0	  0	108									
T4564	0	CHAR	 11	00	00	00	30	00	 10	  4		  0	  0	  0		  0					  0	  0								재 고 자 산		
GV_FIELD8	I	INT4	 13	80	20	80	30	00	 10	 17		  0	  0	  0		  0					  0	  0								_____________		
TD2465	0	CHAR	 14	00	00	00	30	00	 10	 46		  0	  0	  0		  0					  0	  0								자본		
T321561	0	CHAR	 10	00	00	00	30	00	 11	 34		  0	  0	  0		  0					  0	  0								자  본  금		
GV_FIELD5	I	INT4	 13	80	20	80	30	00	 11	 47		  0	  0	  0		  0					  0	  0								_____________		
TERT	0	CHAR	 11	00	00	00	30	00	 13	  4		  0	  0	  0		  0					  0	  0								자 산 총 계		
GV_SUM1	I	INT4	 13	80	20	80	30	00	 13	 17		  0	  0	  0		  0					  0	  0								_____________		
SDFD	0	CHAR	 11	00	00	00	30	00	 13	 34		  0	  0	  0		  0					  0	  0								자 본 총 계		
GV_SUM3	I	INT4	 13	80	20	80	30	00	 13	 47		  0	  0	  0		  0					  0	  0								_____________		
		CHAR	 61	00	00	00	30	00	 16	  2		  0	  0	  0		 11	R				  0	  0	101									
TEXT2	0	CHAR	 33	00	00	00	30	00	 17	 29		  0	  0	  0		  0					  0	  0								손 익 계 산 서		
T2T2	0	CHAR	 10	00	00	00	30	00	 18	 52		  0	  0	  0		  0					  0	  0								(단위: 원)		
		CHAR	 30	00	00	00	30	00	 19	  3		  0	  0	  0		  5	R				  0	  0	102									
		CHAR	 28	00	00	00	30	00	 19	 34		  0	  0	  0		  7	R				  0	  0	103									
T1313254	0	CHAR	 14	00	00	00	30	00	 20	 16		  0	  0	  0		  0					  0	  0								비용		
T455	0	CHAR	 13	00	00	00	30	00	 20	 46		  0	  0	  0		  0					  0	  0								수익		
T2342	0	CHAR	 11	00	00	00	30	00	 22	  4		  0	  0	  0		  0					  0	  0								매 출 원 가		
GV_FIELD6	I	INT4	 13	80	20	80	30	00	 22	 18		  0	  0	  0		  0					  0	  0								_____________		
T234	0	CHAR	  9	00	00	00	30	00	 22	 35		  0	  0	  0		  0					  0	  0								매     출		
GV_FIELD7	I	INT4	 13	80	20	80	30	00	 22	 47		  0	  0	  0		  0					  0	  0								_____________		
T193	0	CHAR	 10	00	00	00	30	00	 24	  4		  0	  0	  0		  0					  0	  0								당기순이익		
GV_SUM4	I	INT4	 13	80	20	80	30	00	 24	 18		  0	  0	  0		  0					  0	  0								_____________		
OK_CODE		CHAR	 20	80	10	00	00	00	255	  1	O	  0	  0	  0		  0					  0	  0								____________________		
%_FLOWLOGIC																																
PROCESS BEFORE OUTPUT.																																
  MODULE STATUS_0100.																																
*  MODULE SET_ALV_0100.																																
																																
*																																
PROCESS AFTER INPUT.																																
  MODULE USER_COMMAND_0100.																																
